   2.2204460e-16   2.5389435e+03   2.8738046e+03   2.5752734e+03   2.3180994e+03   2.1587079e+03   2.2165841e+03   3.1740397e+03   3.3711345e+03   3.5402384e+03   1.7370012e+03   1.3753909e+03   1.6959649e+03   1.2507698e+03   1.6172424e+03   2.4929655e+03   2.6173813e+03   2.7576100e+03   2.4780186e+03   2.3868682e+03   2.7753020e+03   3.0230518e+03   2.1630629e+03   2.2036865e+03   2.1160484e+03   2.3126924e+03   1.8765247e+03   2.2143938e+03   1.2418156e+03   1.5610484e+03   1.2553585e+03
   2.5389435e+03   2.2204460e-16   1.0735385e+03   1.1128791e+02   2.6683516e+02   3.9503164e+02   4.1011828e+02   6.3794200e+02   8.5355375e+02   1.0550043e+03   9.1019174e+02   1.1637912e+03   8.6900921e+02   1.3087723e+03   2.3888594e+03   3.7087060e+02   9.0793006e+02   1.1362698e+03   9.0801432e+02   1.2635418e+03   1.5721415e+03   1.7322910e+03   6.2908584e+02   1.0602490e+03   1.3504107e+03   1.8965748e+03   2.0496929e+03   2.2900275e+03   1.5108276e+03   1.7390923e+03   2.0894882e+03
   2.8738046e+03   1.0735385e+03   2.2204460e-16   9.6449469e+02   9.8863643e+02   1.0943240e+03   1.3827314e+03   1.2401456e+03   1.4602537e+03   1.6869964e+03   1.2016555e+03   1.6871185e+03   1.5799778e+03   1.8836773e+03   3.2393558e+03   7.3061618e+02   2.6703183e+02   1.7126588e+02   3.9828758e+02   6.0212706e+02   6.1216011e+02   6.9236190e+02   8.2000000e+02   6.8119674e+02   8.7880032e+02   1.2085086e+03   1.5920364e+03   1.6676346e+03   1.6359074e+03   1.5152310e+03   1.9492588e+03
   2.5752734e+03   1.1128791e+02   9.6449469e+02   2.2204460e-16   2.6205343e+02   4.1670733e+02   5.0356330e+02   6.2472474e+02   8.5491579e+02   1.0684180e+03   9.0722985e+02   1.2041383e+03   9.2856879e+02   1.3595183e+03   2.4819380e+03   2.7901613e+02   8.0674407e+02   1.0318149e+03   8.1583883e+02   1.1795495e+03   1.4735026e+03   1.6280740e+03   5.8238304e+02   9.8946905e+02   1.2840016e+03   1.8225622e+03   1.9982517e+03   2.2257549e+03   1.5098520e+03   1.7054867e+03   2.0699614e+03
   2.3180994e+03   2.6683516e+02   9.8863643e+02   2.6205343e+02   2.2204460e-16   1.6335544e+02   3.9514048e+02   8.8500000e+02   1.1108560e+03   1.3181916e+03   6.4852602e+02   9.5200683e+02   7.0138149e+02   1.1159435e+03   2.3138574e+03   2.6828716e+02   7.7436167e+02   1.0126964e+03   7.3728760e+02   1.0598080e+03   1.4108473e+03   1.5966969e+03   3.7763739e+02   8.3221692e+02   1.1119802e+03   1.6667204e+03   1.7924380e+03   2.0448298e+03   1.2509728e+03   1.4733571e+03   1.8230535e+03
   2.1587079e+03   3.9503164e+02   1.0943240e+03   4.1670733e+02   1.6335544e+02   2.2204460e-16   3.3863402e+02   1.0303417e+03   1.2485800e+03   1.4476864e+03   5.2264424e+02   7.8974426e+02   5.4191235e+02   9.5258858e+02   2.1719477e+03   4.0768247e+02   8.5941434e+02   1.0967320e+03   7.9777942e+02   1.0802703e+03   1.4620988e+03   1.6639093e+03   3.6676014e+02   8.3095247e+02   1.0891249e+03   1.6488766e+03   1.7287964e+03   2.0026562e+03   1.1187323e+03   1.3831862e+03   1.7109930e+03
   2.2165841e+03   4.1011828e+02   1.3827314e+03   5.0356330e+02   3.9514048e+02   3.3863402e+02   2.2204460e-16   9.8406758e+02   1.1602573e+03   1.3237013e+03   7.7617137e+02   8.5714935e+02   5.2071489e+02   9.6657023e+02   1.9793918e+03   6.5508015e+02   1.1682893e+03   1.4068440e+03   1.1225208e+03   1.4183247e+03   1.7929200e+03   1.9868138e+03   7.0535239e+02   1.1693609e+03   1.4225793e+03   1.9822172e+03   2.0336986e+03   2.3230680e+03   1.3238705e+03   1.6619293e+03   1.9498564e+03
   3.1740397e+03   6.3794200e+02   1.2401456e+03   6.2472474e+02   8.8500000e+02   1.0303417e+03   9.8406758e+02   2.2204460e-16   2.4341734e+02   4.7376788e+02   1.5319520e+03   1.7987384e+03   1.4898433e+03   1.9354093e+03   2.8806209e+03   8.2803200e+02   1.2074390e+03   1.3726547e+03   1.2776228e+03   1.6576719e+03   1.8415876e+03   1.9281644e+03   1.1855400e+03   1.5272492e+03   1.8246986e+03   2.3237595e+03   2.5670639e+03   2.7563113e+03   2.1345749e+03   2.3087676e+03   2.6868415e+03
   3.3711345e+03   8.5355375e+02   1.4602537e+03   8.5491579e+02   1.1108560e+03   1.2485800e+03   1.1602573e+03   2.4341734e+02   2.2204460e-16   2.3211204e+02   1.7593820e+03   1.9989137e+03   1.6774913e+03   2.1245604e+03   2.9815139e+03   1.0700248e+03   1.4437995e+03   1.5998128e+03   1.5182582e+03   1.8977460e+03   2.0674605e+03   2.1415606e+03   1.4246449e+03   1.7705801e+03   2.0679296e+03   2.5641860e+03   2.8104500e+03   2.9985303e+03   2.3617320e+03   2.5492062e+03   2.9232839e+03
   3.5402384e+03   1.0550043e+03   1.6869964e+03   1.0684180e+03   1.3181916e+03   1.4476864e+03   1.3237013e+03   4.7376788e+02   2.3211204e+02   2.2204460e-16   1.9651058e+03   2.1756774e+03   1.8444091e+03   2.2898168e+03   3.0565571e+03   1.2953397e+03   1.6756805e+03   1.8291050e+03   1.7502571e+03   2.1298272e+03   2.2959253e+03   2.3642018e+03   1.6450207e+03   2.0004624e+03   2.2981282e+03   2.7962421e+03   3.0387993e+03   3.2300025e+03   2.5656676e+03   2.7704151e+03   3.1381971e+03
   1.7370012e+03   9.1019174e+02   1.2016555e+03   9.0722985e+02   6.4852602e+02   5.2264424e+02   7.7617137e+02   1.5319520e+03   1.7593820e+03   1.9651058e+03   2.2204460e-16   4.9378234e+02   5.2668966e+02   6.9160104e+02   2.1050534e+03   7.6585116e+02   9.3466679e+02   1.1273491e+03   8.0999568e+02   9.0400498e+02   1.3408609e+03   1.5814730e+03   4.2653019e+02   6.3844264e+02   7.7633627e+02   1.3046015e+03   1.2720393e+03   1.5855879e+03   6.0267155e+02   8.8610214e+02   1.1898714e+03
   1.3753909e+03   1.1637912e+03   1.6871185e+03   1.2041383e+03   9.5200683e+02   7.8974426e+02   8.5714935e+02   1.7987384e+03   1.9989137e+03   2.1756774e+03   4.9378234e+02   2.2204460e-16   3.4828293e+02   1.9789138e+02   1.6243833e+03   1.1556353e+03   1.4204454e+03   1.6198756e+03   1.3005614e+03   1.3844421e+03   1.8228585e+03   2.0673718e+03   8.8022327e+02   1.1253204e+03   1.2161386e+03   1.6903118e+03   1.5301585e+03   1.8848130e+03   6.0124038e+02   1.0915842e+03   1.2340280e+03
   1.6959649e+03   8.6900921e+02   1.5799778e+03   9.2856879e+02   7.0138149e+02   5.4191235e+02   5.2071489e+02   1.4898433e+03   1.6774913e+03   1.8444091e+03   5.2668966e+02   3.4828293e+02   2.2204460e-16   4.4707270e+02   1.6593830e+03   9.4567331e+02   1.3229679e+03   1.5469874e+03   1.2263380e+03   1.4036071e+03   1.8315267e+03   2.0613648e+03   7.6470256e+02   1.1332859e+03   1.3016682e+03   1.8297270e+03   1.7551667e+03   2.0888717e+03   8.9944705e+02   1.3350375e+03   1.5417458e+03
   1.2507698e+03   1.3087723e+03   1.8836773e+03   1.3595183e+03   1.1159435e+03   9.5258858e+02   9.6657023e+02   1.9354093e+03   2.1245604e+03   2.2898168e+03   6.9160104e+02   1.9789138e+02   4.4707270e+02   2.2204460e-16   1.4362319e+03   1.3340015e+03   1.6172130e+03   1.8177007e+03   1.4981645e+03   1.5781727e+03   2.0164692e+03   2.2620674e+03   1.0733723e+03   1.3211196e+03   1.4004492e+03   1.8560682e+03   1.6592203e+03   2.0218697e+03   7.0046913e+02   1.2165973e+03   1.2990466e+03
   1.6172424e+03   2.3888594e+03   3.2393558e+03   2.4819380e+03   2.3138574e+03   2.1719477e+03   1.9793918e+03   2.8806209e+03   2.9815139e+03   3.0565571e+03   2.1050534e+03   1.6243833e+03   1.6593830e+03   1.4362319e+03   2.2204460e-16   2.5777855e+03   2.9815519e+03   3.2020409e+03   2.8799293e+03   3.0066634e+03   3.4447435e+03   3.6865237e+03   2.4225561e+03   2.7433937e+03   2.8366438e+03   3.2740625e+03   3.0077623e+03   3.3793326e+03   2.0575745e+03   2.5752819e+03   2.5051635e+03
   2.4929655e+03   3.7087060e+02   7.3061618e+02   2.7901613e+02   2.6828716e+02   4.0768247e+02   6.5508015e+02   8.2803200e+02   1.0700248e+03   1.2953397e+03   7.6585116e+02   1.1556353e+03   9.4567331e+02   1.3340015e+03   2.5777855e+03   2.2204460e-16   5.4056452e+02   7.7367952e+02   5.3794145e+02   9.0084460e+02   1.2017471e+03   1.3675939e+03   3.6700954e+02   7.1971175e+02   1.0169887e+03   1.5478065e+03   1.7459221e+03   1.9583179e+03   1.3527531e+03   1.4818478e+03   1.8684844e+03
   2.6173813e+03   9.0793006e+02   2.6703183e+02   8.0674407e+02   7.7436167e+02   8.5941434e+02   1.1682893e+03   1.2074390e+03   1.4437995e+03   1.6756805e+03   9.3466679e+02   1.4204454e+03   1.3229679e+03   1.6172130e+03   2.9815519e+03   5.4056452e+02   2.2204460e-16   2.3860008e+02   1.4189080e+02   4.6665298e+02   6.6828287e+02   8.2736268e+02   5.5907245e+02   4.5195686e+02   6.9990857e+02   1.1286829e+03   1.4463782e+03   1.5763645e+03   1.3844902e+03   1.3108047e+03   1.7406665e+03
   2.7576100e+03   1.1362698e+03   1.7126588e+02   1.0318149e+03   1.0126964e+03   1.0967320e+03   1.4068440e+03   1.3726547e+03   1.5998128e+03   1.8291050e+03   1.1273491e+03   1.6198756e+03   1.5469874e+03   1.8177007e+03   3.2020409e+03   7.7367952e+02   2.3860008e+02   2.2204460e-16   3.2237401e+02   4.3759456e+02   4.6909274e+02   5.9625917e+02   7.8285886e+02   5.5400812e+02   7.2070660e+02   1.0380005e+03   1.4229462e+03   1.4968771e+03   1.5160557e+03   1.3616259e+03   1.7959694e+03
   2.4780186e+03   9.0801432e+02   3.9828758e+02   8.1583883e+02   7.3728760e+02   7.9777942e+02   1.1225208e+03   1.2776228e+03   1.5182582e+03   1.7502571e+03   8.0999568e+02   1.3005614e+03   1.2263380e+03   1.4981645e+03   2.8799293e+03   5.3794145e+02   1.4189080e+02   3.2237401e+02   2.2204460e-16   3.8048916e+02   6.7370394e+02   8.6616973e+02   4.6434578e+02   3.1393311e+02   5.7858189e+02   1.0461367e+03   1.3307175e+03   1.4831871e+03   1.2434830e+03   1.1751596e+03   1.6032059e+03
   2.3868682e+03   1.2635418e+03   6.0212706e+02   1.1795495e+03   1.0598080e+03   1.0802703e+03   1.4183247e+03   1.6576719e+03   1.8977460e+03   2.1298272e+03   9.0400498e+02   1.3844421e+03   1.4036071e+03   1.5781727e+03   3.0066634e+03   9.0084460e+02   4.6665298e+02   4.3759456e+02   3.8048916e+02   2.2204460e-16   4.3841647e+02   6.8496569e+02   7.1407913e+02   2.7033683e+02   2.8939419e+02   6.6655682e+02   9.9364229e+02   1.1099910e+03   1.1523897e+03   9.3161580e+02   1.3650073e+03
   2.7753020e+03   1.5721415e+03   6.1216011e+02   1.4735026e+03   1.4108473e+03   1.4620988e+03   1.7929200e+03   1.8415876e+03   2.0674605e+03   2.2959253e+03   1.3408609e+03   1.8228585e+03   1.8315267e+03   2.0164692e+03   3.4447435e+03   1.2017471e+03   6.6828287e+02   4.6909274e+02   6.7370394e+02   4.3841647e+02   2.2204460e-16   2.5180349e+02   1.1067520e+03   7.0308250e+02   6.6426651e+02   6.9272578e+02   1.1655213e+03   1.1389754e+03   1.5600054e+03   1.2510576e+03   1.6646471e+03
   3.0230518e+03   1.7322910e+03   6.9236190e+02   1.6280740e+03   1.5966969e+03   1.6639093e+03   1.9868138e+03   1.9281644e+03   2.1415606e+03   2.3642018e+03   1.5814730e+03   2.0673718e+03   2.0613648e+03   2.2620674e+03   3.6865237e+03   1.3675939e+03   8.2736268e+02   5.9625917e+02   8.6616973e+02   6.8496569e+02   2.5180349e+02   2.2204460e-16   1.3198807e+03   9.4320305e+02   9.1548075e+02   8.6710784e+02   1.3634753e+03   1.2822987e+03   1.8113531e+03   1.4887075e+03   1.8935113e+03
   2.1630629e+03   6.2908584e+02   8.2000000e+02   5.8238304e+02   3.7763739e+02   3.6676014e+02   7.0535239e+02   1.1855400e+03   1.4246449e+03   1.6450207e+03   4.2653019e+02   8.8022327e+02   7.6470256e+02   1.0733723e+03   2.4225561e+03   3.6700954e+02   5.5907245e+02   7.8285886e+02   4.6434578e+02   7.1407913e+02   1.1067520e+03   1.3198807e+03   2.2204460e-16   4.6558028e+02   7.3583286e+02   1.2930387e+03   1.4206548e+03   1.6672387e+03   9.9149231e+02   1.1253999e+03   1.5033197e+03
   2.2036865e+03   1.0602490e+03   6.8119674e+02   9.8946905e+02   8.3221692e+02   8.3095247e+02   1.1693609e+03   1.5272492e+03   1.7705801e+03   2.0004624e+03   6.3844264e+02   1.1253204e+03   1.1332859e+03   1.3211196e+03   2.7433937e+03   7.1971175e+02   4.5195686e+02   5.5400812e+02   3.1393311e+02   2.7033683e+02   7.0308250e+02   9.4320305e+02   4.6558028e+02   2.2204460e-16   2.9823648e+02   8.3676759e+02   1.0437016e+03   1.2386194e+03   9.6205197e+02   8.6146503e+02   1.2893537e+03
   2.1160484e+03   1.3504107e+03   8.7880032e+02   1.2840016e+03   1.1119802e+03   1.0891249e+03   1.4225793e+03   1.8246986e+03   2.0679296e+03   2.2981282e+03   7.7633627e+02   1.2161386e+03   1.3016682e+03   1.4004492e+03   2.8366438e+03   1.0169887e+03   6.9990857e+02   7.2070660e+02   5.7858189e+02   2.8939419e+02   6.6426651e+02   9.1548075e+02   7.3583286e+02   2.9823648e+02   2.2204460e-16   5.5981158e+02   7.5305378e+02   9.4189437e+02   8.9587778e+02   6.4260797e+02   1.0764757e+03
   2.3126924e+03   1.8965748e+03   1.2085086e+03   1.8225622e+03   1.6667204e+03   1.6488766e+03   1.9822172e+03   2.3237595e+03   2.5641860e+03   2.7962421e+03   1.3046015e+03   1.6903118e+03   1.8297270e+03   1.8560682e+03   3.2740625e+03   1.5478065e+03   1.1286829e+03   1.0380005e+03   1.0461367e+03   6.6655682e+02   6.9272578e+02   8.6710784e+02   1.2930387e+03   8.3676759e+02   5.5981158e+02   2.2204460e-16   5.0550668e+02   4.5956719e+02   1.2294600e+03   7.5996447e+02   1.0926285e+03
   1.8765247e+03   2.0496929e+03   1.5920364e+03   1.9982517e+03   1.7924380e+03   1.7287964e+03   2.0336986e+03   2.5670639e+03   2.8104500e+03   3.0387993e+03   1.2720393e+03   1.5301585e+03   1.7551667e+03   1.6592203e+03   3.0077623e+03   1.7459221e+03   1.4463782e+03   1.4229462e+03   1.3307175e+03   9.9364229e+02   1.1655213e+03   1.3634753e+03   1.4206548e+03   1.0437016e+03   7.5305378e+02   5.0550668e+02   2.2204460e-16   3.7165172e+02   9.6529218e+02   4.4276969e+02   6.2405929e+02
   2.2143938e+03   2.2900275e+03   1.6676346e+03   2.2257549e+03   2.0448298e+03   2.0026562e+03   2.3230680e+03   2.7563113e+03   2.9985303e+03   3.2300025e+03   1.5855879e+03   1.8848130e+03   2.0888717e+03   2.0218697e+03   3.3793326e+03   1.9583179e+03   1.5763645e+03   1.4968771e+03   1.4831871e+03   1.1099910e+03   1.1389754e+03   1.2822987e+03   1.6672387e+03   1.2386194e+03   9.4189437e+02   4.5956719e+02   3.7165172e+02   2.2204460e-16   1.3331444e+03   8.0945661e+02   9.6100208e+02
   1.2418156e+03   1.5108276e+03   1.6359074e+03   1.5098520e+03   1.2509728e+03   1.1187323e+03   1.3238705e+03   2.1345749e+03   2.3617320e+03   2.5656676e+03   6.0267155e+02   6.0124038e+02   8.9944705e+02   7.0046913e+02   2.0575745e+03   1.3527531e+03   1.3844902e+03   1.5160557e+03   1.2434830e+03   1.1523897e+03   1.5600054e+03   1.8113531e+03   9.9149231e+02   9.6205197e+02   8.9587778e+02   1.2294600e+03   9.6529218e+02   1.3331444e+03   2.2204460e-16   5.2368884e+02   6.4229977e+02
   1.5610484e+03   1.7390923e+03   1.5152310e+03   1.7054867e+03   1.4733571e+03   1.3831862e+03   1.6619293e+03   2.3087676e+03   2.5492062e+03   2.7704151e+03   8.8610214e+02   1.0915842e+03   1.3350375e+03   1.2165973e+03   2.5752819e+03   1.4818478e+03   1.3108047e+03   1.3616259e+03   1.1751596e+03   9.3161580e+02   1.2510576e+03   1.4887075e+03   1.1253999e+03   8.6146503e+02   6.4260797e+02   7.5996447e+02   4.4276969e+02   8.0945661e+02   5.2368884e+02   2.2204460e-16   4.3435584e+02
   1.2553585e+03   2.0894882e+03   1.9492588e+03   2.0699614e+03   1.8230535e+03   1.7109930e+03   1.9498564e+03   2.6868415e+03   2.9232839e+03   3.1381971e+03   1.1898714e+03   1.2340280e+03   1.5417458e+03   1.2990466e+03   2.5051635e+03   1.8684844e+03   1.7406665e+03   1.7959694e+03   1.6032059e+03   1.3650073e+03   1.6646471e+03   1.8935113e+03   1.5033197e+03   1.2893537e+03   1.0764757e+03   1.0926285e+03   6.2405929e+02   9.6100208e+02   6.4229977e+02   4.3435584e+02   2.2204460e-16
